79.8 cm length of pendulum

t1 
A=0.09755 +- 0.002749
B=0.4651 +- 0.02158
C=10.38 +- 0.02046

t2 
A=1.73 +- 0.2056
B=2.282 +- 0.1071
C=10.46 +- 0.1121

t3
A=0.1035 +- 0.002549
B=0.2725 +- 0.009679
C=10.43 +- 0.009751

t4
A=0.05297 +- 0.001541
B=0.4786 +- 0.02006
C=10.46 +- 0.01999

results: explain how we changed b value
